2 5 9 21 29 34 40 44 52 57 58 60 66 75 #SUP: 52
2 5 10 21 29 34 40 44 52 57 58 60 66 #SUP: 28
2 5 9 21 29 34 40 44 52 57 58 60 66 #SUP: 15
2 5 21 29 35 40 44 52 57 58 60 66 #SUP: 12
1 5 21 29 40 44 52 58 60 66 #SUP: 1022
2 5 22 29 40 44 52 58 60 66 #SUP: 644
2 5 21 29 40 44 52 58 60 66 #SUP: 521
2 6 22 29 40 44 52 58 60 66 #SUP: 63
1 6 21 29 40 44 52 58 60 66 #SUP: 40
2 6 21 29 40 44 52 58 60 66 #SUP: 13
9 24 34 54 56 72 74 #SUP: 595
9 24 34 54 56 73 74 #SUP: 572
5 29 40 52 58 60 66 #SUP: 502
13 25 27 36 39 48 71 #SUP: 364
14 25 27 36 39 48 71 #SUP: 334
14 25 27 36 38 48 71 #SUP: 151
2 5 21 23 44 67 73 #SUP: 106
13 25 27 36 38 48 71 #SUP: 89
14 25 28 36 38 48 71 #SUP: 79
13 25 28 36 38 48 71 #SUP: 67
6 29 40 52 58 60 66 #SUP: 65
2 5 22 23 44 67 73 #SUP: 25
14 25 28 36 39 48 71 #SUP: 25
2 6 21 23 44 67 73 #SUP: 14
13 25 28 36 39 48 71 #SUP: 13
2 6 22 23 44 67 73 #SUP: 10
11 15 25 28 36 49 #SUP: 36
13 26 36 38 49 70 #SUP: 31
13 25 36 38 49 70 #SUP: 24
13 27 37 38 49 70 #SUP: 23
2 5 21 44 60 66 #SUP: 17
9 12 15 34 57 75 #SUP: 17
3 7 31 50 62 #SUP: 1432
23 42 55 64 72 #SUP: 980
3 7 31 51 62 #SUP: 702
9 34 54 56 74 #SUP: 505
23 42 54 64 72 #SUP: 300
3 7 32 50 62 #SUP: 242
12 14 16 38 70 #SUP: 190
11 14 16 38 70 #SUP: 158
3 7 32 51 62 #SUP: 127
29 40 52 58 60 #SUP: 122
4 7 31 50 62 #SUP: 89
3 7 33 50 62 #SUP: 69
4 7 31 51 62 #SUP: 49
29 40 52 58 61 #SUP: 44
4 7 32 50 62 #SUP: 37
3 7 33 51 62 #SUP: 32
13 37 38 49 70 #SUP: 29
4 7 32 51 62 #SUP: 22
4 8 31 51 62 #SUP: 20
5 21 44 60 66 #SUP: 18
11 15 25 28 49 #SUP: 8
12 15 34 57 75 #SUP: 4
17 19 46 68 #SUP: 1223
25 27 36 48 #SUP: 995
17 19 46 69 #SUP: 757
25 28 36 48 #SUP: 613
9 34 56 75 #SUP: 571
9 34 56 74 #SUP: 394
23 42 64 72 #SUP: 362
17 20 47 68 #SUP: 350
12 16 18 46 #SUP: 236
11 15 43 65 #SUP: 210
11 15 42 65 #SUP: 208
26 27 36 48 #SUP: 178
11 16 18 46 #SUP: 173
10 34 56 74 #SUP: 170
17 20 47 69 #SUP: 170
11 16 42 64 #SUP: 86
9 35 56 74 #SUP: 84
10 34 56 75 #SUP: 77
18 20 47 68 #SUP: 75
12 16 42 64 #SUP: 70
4 7 50 62 #SUP: 51
18 20 47 69 #SUP: 45
4 7 51 62 #SUP: 42
24 54 72 74 #SUP: 39
12 15 43 65 #SUP: 37
11 15 25 28 #SUP: 35
24 54 73 74 #SUP: 35
9 35 56 75 #SUP: 31
12 15 42 65 #SUP: 29
4 8 51 62 #SUP: 26
9 34 57 75 #SUP: 16
29 40 53 58 #SUP: 11
21 44 60 66 #SUP: 8
13 38 70 #SUP: 897
14 38 70 #SUP: 450
1 21 45 #SUP: 356
1 22 45 #SUP: 183
13 39 70 #SUP: 132
3 7 63 #SUP: 115
33 42 64 #SUP: 98
11 15 28 #SUP: 91
26 36 48 #SUP: 79
3 8 62 #SUP: 74
14 39 70 #SUP: 73
13 39 71 #SUP: 45
42 64 72 #SUP: 31
10 35 56 #SUP: 22
4 7 63 #SUP: 21
23 67 73 #SUP: 20
26 27 49 #SUP: 20
12 15 75 #SUP: 19
1 29 41 #SUP: 18
9 34 57 #SUP: 16
14 39 71 #SUP: 14
13 38 71 #SUP: 8
44 60 66 #SUP: 1
11 15 #SUP: 1035
42 64 #SUP: 537
20 68 #SUP: 336
12 15 #SUP: 297
20 69 #SUP: 240
12 16 #SUP: 168
18 46 #SUP: 167
43 64 #SUP: 167
31 51 #SUP: 133
11 16 #SUP: 89
43 65 #SUP: 68
31 50 #SUP: 55
1 45 #SUP: 45
52 58 #SUP: 41
37 48 #SUP: 26
30 40 #SUP: 15
42 65 #SUP: 13
27 49 #SUP: 8
29 41 #SUP: 8
54 74 #SUP: 5
29 40 #SUP: 1
54 #SUP: 165
24 #SUP: 138
73 #SUP: 69
27 #SUP: 43
72 #SUP: 38
26 #SUP: 28
25 #SUP: 27
10 #SUP: 25
33 #SUP: 25
28 #SUP: 24
51 #SUP: 22
36 #SUP: 21
6 #SUP: 20
37 #SUP: 19
32 #SUP: 18
57 #SUP: 15
5 #SUP: 9
34 #SUP: 8
74 #SUP: 8
2 #SUP: 7
35 #SUP: 7
9 #SUP: 6
60 #SUP: 6
1 #SUP: 5
49 #SUP: 4
21 #SUP: 3
44 #SUP: 3
61 #SUP: 3
75 #SUP: 2
52 #SUP: 1
59 #SUP: 1
